"subj" "group" "tree" "cat" "rt"
1 0 7 15 2575
1 0 0 0 3855
1 0 0 1 2809
1 0 2 4 1656
1 0 5 11 4623
1 0 7 15 2344
1 0 0 0 1906
1 0 0 1 5375
1 0 4 8 5816
1 0 7 15 3026
1 0 4 8 3998
1 0 1 2 5364
1 0 1 3 4006
1 0 5 11 3555
1 0 4 8 4073
1 0 6 12 2667
1 0 3 7 1549
1 0 0 0 6001
1 0 5 11 5985
1 0 1 3 3652
1 0 2 4 4981
1 0 6 13 1880
1 0 2 4 654
1 0 3 7 3974
1 0 2 4 1629
1 0 1 2 6580
1 0 2 4 2437
1 0 5 11 5601
1 0 7 15 2196
1 0 4 8 3675
1 0 7 15 2318
1 0 2 4 2607
1 0 3 7 1422
1 0 1 3 3534
1 0 3 6 2421
1 0 7 15 1987
1 0 5 10 3589
1 0 3 6 1937
1 0 1 3 3276
1 0 2 4 3816
1 0 6 12 1802
1 0 6 12 2122
1 0 3 6 1998
1 0 4 8 2566
1 0 4 8 6207
1 0 2 4 2765
1 0 0 0 3342
1 0 0 0 3700
1 0 5 11 2694
1 0 4 8 3216
1 0 6 12 2429
1 0 1 3 4389
1 0 6 12 6343
1 0 6 12 2738
1 0 4 9 4698
1 0 6 12 1691
1 0 3 6 2790
1 0 1 2 4318
1 0 7 15 2276
1 0 7 15 3025
1 0 6 12 2375
1 0 5 10 6223
1 0 0 0 3158
1 0 2 4 2116
1 0 5 10 3007
1 0 1 3 4758
1 0 3 7 3098
1 0 5 11 2252
1 0 2 5 2570
1 0 3 6 2721
1 0 4 8 3436
1 0 7 15 2974
1 0 4 9 5399
1 0 0 0 3456
1 0 5 11 5452
1 0 7 15 4835
1 0 1 2 2861
1 0 6 13 4784
1 0 3 6 2804
1 0 0 1 4305
2 0 7 15 2019
2 0 2 5 2652
2 0 5 10 2011
2 0 4 8 4256
2 0 5 11 1970
2 0 5 11 1772
2 0 3 7 2626
2 0 1 2 2584
2 0 1 3 2445
2 0 7 15 1172
2 0 7 15 3051
2 0 5 11 2482
2 0 4 8 1886
2 0 2 4 2136
2 0 5 11 2102
2 0 0 0 2915
2 0 7 15 2055
2 0 0 0 2802
2 0 6 12 3040
2 0 0 0 1904
2 0 6 12 1895
2 0 3 6 3028
2 0 7 14 1691
2 0 3 7 1658
2 0 5 10 3612
2 0 2 5 3630
2 0 6 12 1899
2 0 1 3 2446
2 0 1 3 1923
2 0 1 2 2520
2 0 3 7 2065
2 0 0 0 1479
2 0 7 15 1519
2 0 4 8 3326
2 0 5 11 1916
2 0 5 11 3281
2 0 0 0 2989
2 0 0 1 1626
2 0 2 4 1591
2 0 1 3 1909
2 0 0 1 1983
2 0 1 2 1558
2 0 3 7 1586
2 0 1 2 2602
2 0 3 7 1343
2 0 6 12 1672
2 0 6 12 3661
2 0 5 10 3149
2 0 4 8 2677
2 0 7 14 3717
2 0 3 6 2620
2 0 4 8 3206
2 0 3 6 3494
2 0 2 4 1562
2 0 0 1 2014
2 0 2 4 2075
2 0 2 5 3643
2 0 3 6 2262
2 0 3 6 1557
2 0 7 15 1203
2 0 2 4 2178
2 0 4 8 3618
2 0 4 9 3560
2 0 4 8 2729
2 0 0 0 2039
2 0 7 14 1691
2 0 5 11 4010
2 0 0 0 2502
2 0 6 13 1659
2 0 4 8 3290
2 0 6 13 2313
2 0 2 4 1652
2 0 2 4 2510
2 0 6 12 3407
2 0 1 2 1833
2 0 4 8 1909
2 0 1 3 3766
2 0 6 12 2230
2 0 6 13 3892
2 0 7 15 2561
3 0 0 0 5249
3 0 3 7 2811
3 0 7 15 1547
3 0 6 12 3365
3 0 1 2 6021
3 0 0 0 5083
3 0 0 0 3577
3 0 1 3 3527
3 0 4 8 2597
3 0 6 12 3425
3 0 7 15 8491
3 0 0 0 2770
3 0 2 4 2338
3 0 2 4 3147
3 0 5 10 2044
3 0 2 4 2387
3 0 0 0 9567
3 0 2 4 1847
3 0 7 15 1790
3 0 4 9 5297
3 0 4 8 3574
3 0 1 3 2700
3 0 6 13 2572
3 0 4 8 2249
3 0 6 12 1883
3 0 2 4 3337
3 0 3 7 3537
3 0 7 15 2006
3 0 3 7 2069
3 0 1 3 3355
3 0 6 12 2083
3 0 4 8 6023
3 0 5 10 5519
3 0 5 11 3565
3 0 3 6 3382
3 0 5 11 3501
3 0 7 15 5814
3 0 0 1 3455
3 0 3 7 3283
3 0 3 7 2334
3 0 4 8 6758
3 0 5 11 4636
3 0 1 2 6490
3 0 3 7 2474
3 0 0 0 2476
3 0 3 7 2852
3 0 6 12 3415
3 0 5 11 4221
3 0 4 8 7378
3 0 3 7 3693
3 0 2 5 2116
3 0 1 3 5513
3 0 7 15 2059
3 0 5 11 3557
3 0 7 15 1394
3 0 5 10 2314
3 0 1 2 4250
3 0 0 0 3082
3 0 2 4 1836
3 0 2 5 3852
3 0 6 12 4495
3 0 0 0 3467
3 0 6 12 2724
3 0 3 6 3600
3 0 1 2 1974
3 0 2 5 1544
3 0 1 3 5958
3 0 7 15 2265
3 0 4 9 4192
3 0 6 12 3092
3 0 2 4 7997
3 0 4 8 4053
3 0 4 8 3657
3 0 1 2 3825
3 0 7 15 2116
3 0 7 14 2077
3 0 6 12 2281
3 0 5 11 3532
3 0 0 0 4971
3 0 5 11 5832
4 0 7 15 2495
4 0 3 7 3987
4 0 3 7 2675
4 0 5 10 3896
4 0 6 12 2932
4 0 3 7 2494
4 0 0 1 3626
4 0 1 2 3209
4 0 0 0 3017
4 0 2 5 3127
4 0 6 13 3514
4 0 5 11 2989
4 0 6 12 4294
4 0 7 14 3872
4 0 4 9 5302
4 0 6 12 3161
4 0 0 0 2370
4 0 5 11 3220
4 0 2 5 2521
4 0 0 0 3814
4 0 1 3 2322
4 0 0 1 2292
4 0 0 0 5257
4 0 4 8 5326
4 0 1 2 4489
4 0 3 7 2285
4 0 3 6 2633
4 0 2 5 2183
4 0 4 8 3078
4 0 5 11 3180
4 0 4 8 3236
4 0 3 7 4171
4 0 2 4 2314
4 0 1 2 5301
4 0 3 6 2088
4 0 3 6 3205
4 0 7 15 1685
4 0 7 15 1847
4 0 7 15 1470
4 0 2 4 3011
4 0 1 2 4042
4 0 4 8 2007
4 0 2 4 2423
4 0 4 8 4246
4 0 6 12 2092
4 0 4 9 5216
4 0 7 15 2487
4 0 2 5 3028
4 0 7 15 1178
4 0 3 6 1385
4 0 7 15 1642
4 0 5 11 4983
4 0 4 8 6912
4 0 5 11 2604
4 0 5 11 2490
4 0 6 13 2446
4 0 6 13 2028
4 0 2 4 4164
4 0 6 12 3292
4 0 2 4 2425
4 0 4 8 5072
4 0 0 1 2667
4 0 0 0 3528
4 0 7 15 1674
4 0 2 5 2831
4 0 5 11 3425
4 0 1 2 3050
4 0 4 8 4446
4 0 1 3 1892
4 0 6 12 2008
4 0 0 0 5760
4 0 6 12 2321
4 0 3 6 1820
4 0 1 3 4913
4 0 1 3 2300
4 0 1 2 6272
4 0 5 11 2500
4 0 7 15 2921
4 0 0 0 3468
5 0 6 13 2584
5 0 6 12 2611
5 0 6 13 1363
5 0 6 12 4323
5 0 2 5 1519
5 0 0 1 3537
5 0 3 6 2977
5 0 0 0 4107
5 0 6 13 3220
5 0 7 15 1909
5 0 7 15 1539
5 0 3 7 1611
5 0 5 11 2002
5 0 7 15 2432
5 0 2 5 2780
5 0 1 3 1787
5 0 5 11 2726
5 0 2 4 2258
5 0 4 8 2847
5 0 4 8 4162
5 0 1 2 3433
5 0 0 0 2732
5 0 2 4 3015
5 0 5 11 2151
5 0 3 7 1830
5 0 7 15 1815
5 0 0 0 2377
5 0 0 0 4016
5 0 6 12 1891
5 0 5 11 3964
5 0 2 4 3142
5 0 1 2 3528
5 0 4 8 2658
5 0 6 12 3043
5 0 3 7 1794
5 0 5 11 2296
5 0 5 11 2286
5 0 4 9 1568
5 0 3 7 3213
5 0 4 8 2827
5 0 7 15 3871
5 0 1 3 3708
5 0 3 6 2782
5 0 4 8 3575
5 0 4 8 3870
5 0 1 3 3006
5 0 0 0 3318
5 0 3 7 1651
5 0 4 8 3478
5 0 5 10 3276
5 0 7 15 2620
5 0 4 8 4116
5 0 7 15 2507
5 0 4 9 3379
5 0 5 11 3709
5 0 2 4 2003
5 0 0 0 2593
5 0 6 13 1745
5 0 0 0 3474
5 0 1 3 2354
5 0 3 7 1580
5 0 2 4 2711
5 0 2 4 2230
5 0 1 3 2692
5 0 2 4 2032
5 0 7 15 1949
5 0 1 2 4222
5 0 6 12 2762
5 0 1 3 3508
5 0 5 10 4131
5 0 3 7 2209
5 0 7 14 2325
5 0 2 5 3082
5 0 0 0 3541
5 0 6 12 2221
5 0 1 2 3406
5 0 3 7 1407
5 0 7 15 1967
5 0 0 0 2565
5 0 5 11 2379
6 0 1 3 3513
6 0 3 6 5292
6 0 7 14 1101
6 0 6 12 3906
6 0 6 12 5162
6 0 7 15 1743
6 0 5 11 2462
6 0 4 9 3385
6 0 5 11 4346
6 0 2 5 2854
6 0 7 15 1144
6 0 2 5 2259
6 0 1 3 3726
6 0 7 15 1554
6 0 7 15 1938
6 0 1 3 3332
6 0 5 10 2797
6 0 4 8 5885
6 0 5 10 6984
6 0 3 7 1609
6 0 1 3 1930
6 0 3 7 1777
6 0 7 15 4196
6 0 3 7 1432
6 0 0 1 4497
6 0 1 3 3685
6 0 0 0 2594
6 0 4 8 3024
6 0 5 11 1663
6 0 6 12 2276
6 0 3 7 3024
6 0 2 5 3178
6 0 6 13 4619
6 0 0 1 2877
6 0 1 3 3039
6 0 4 8 2458
6 0 5 11 2727
6 0 2 5 3664
6 0 0 1 2856
6 0 6 12 1505
6 0 2 5 5738
6 0 4 8 2394
6 0 6 12 1555
6 0 6 13 1849
6 0 5 11 2215
6 0 6 13 2529
6 0 5 11 1917
6 0 3 7 1811
6 0 4 8 1949
6 0 0 1 3184
6 0 0 0 4140
6 0 6 12 1725
6 0 4 8 2226
6 0 0 0 2851
6 0 3 7 3625
6 0 7 15 1803
6 0 1 3 2518
6 0 7 15 1265
6 0 3 7 4732
6 0 0 0 3779
6 0 2 4 1965
6 0 5 11 2341
6 0 2 5 2804
6 0 1 3 3691
6 0 7 14 2959
6 0 3 7 3179
6 0 4 8 4682
6 0 0 1 2655
6 0 2 4 1676
6 0 3 7 3150
6 0 4 9 3421
6 0 1 3 2299
6 0 4 8 2890
6 0 1 3 4225
6 0 5 11 2648
6 0 2 5 1340
6 0 0 0 2037
6 0 7 15 1330
6 0 2 5 2308
6 0 6 12 6055
7 0 5 11 2252
7 0 7 15 1504
7 0 2 4 2131
7 0 1 3 2221
7 0 3 7 1772
7 0 0 1 1815
7 0 2 4 2767
7 0 3 7 1659
7 0 0 1 2275
7 0 2 4 2308
7 0 5 11 1807
7 0 6 13 1836
7 0 6 13 1163
7 0 5 11 1498
7 0 6 13 1765
7 0 6 12 1439
7 0 7 15 1212
7 0 0 1 2434
7 0 7 15 1785
7 0 1 2 1786
7 0 7 15 1427
7 0 6 12 2091
7 0 7 15 1088
7 0 0 0 2819
7 0 6 12 2037
7 0 2 5 2053
7 0 0 0 3084
7 0 3 7 1223
7 0 4 8 3805
7 0 1 3 2134
7 0 4 9 2144
7 0 1 3 1388
7 0 2 4 1505
7 0 3 7 2834
7 0 4 9 1613
7 0 3 7 1561
7 0 6 12 1825
7 0 5 11 2246
7 0 4 8 1968
7 0 5 11 1597
7 0 7 15 2954
7 0 1 2 3086
7 0 0 0 1476
7 0 4 9 2120
7 0 0 0 2007
7 0 1 3 2072
7 0 5 11 1993
7 0 0 0 1823
7 0 2 4 2713
7 0 1 3 1952
7 0 4 8 2209
7 0 2 4 2340
7 0 1 3 3103
7 0 3 7 1476
7 0 6 13 2118
7 0 3 7 1803
7 0 5 11 1441
7 0 1 3 1900
7 0 5 11 2080
7 0 0 0 1937
7 0 3 7 1147
7 0 4 9 2031
7 0 1 3 2124
7 0 2 5 1699
7 0 7 15 1173
7 0 3 7 3773
7 0 4 8 1589
7 0 0 1 2726
7 0 7 14 2714
7 0 3 7 1360
7 0 7 15 3633
7 0 7 15 1522
7 0 2 5 1755
7 0 4 8 1651
7 0 4 8 1769
7 0 2 5 1818
7 0 5 11 1769
7 0 5 11 3427
8 0 6 13 2910
8 0 1 3 4110
8 0 4 8 7411
8 0 2 4 3484
8 0 2 4 1683
8 0 2 5 3016
8 0 6 13 1290
8 0 7 15 1495
8 0 0 1 2835
8 0 4 9 3746
8 0 2 5 3288
8 0 2 5 2884
8 0 1 3 5891
8 0 6 12 3766
8 0 4 9 3961
8 0 0 1 3057
8 0 2 4 3035
8 0 1 3 5823
8 0 6 13 5226
8 0 7 15 1632
8 0 7 15 2075
8 0 5 11 4224
8 0 7 15 4598
8 0 6 12 1722
8 0 6 12 1472
8 0 0 1 3340
8 0 7 15 2361
8 0 3 6 2756
8 0 5 11 2277
8 0 3 7 2110
8 0 3 7 1498
8 0 6 13 2821
8 0 3 7 2533
8 0 5 11 2248
8 0 1 3 5365
8 0 7 15 1982
8 0 0 0 5802
8 0 1 3 6994
8 0 0 1 3584
8 0 0 1 3352
8 0 5 11 4332
8 0 4 8 5750
8 0 3 7 1546
8 0 3 7 2058
8 0 5 11 1749
8 0 3 7 4026
8 0 5 11 3513
8 0 1 3 2276
8 0 7 15 2409
8 0 1 3 1781
8 0 1 2 1895
8 0 5 11 2294
8 0 0 1 4867
8 0 4 8 3289
8 0 5 11 2398
8 0 1 2 3490
8 0 0 0 3856
8 0 3 7 2302
8 0 3 6 2396
8 0 0 0 3709
8 0 4 9 3343
8 0 2 5 2654
8 0 5 11 2700
8 0 6 12 1376
8 0 6 12 3577
8 0 1 3 3737
8 0 4 8 4084
8 0 3 7 2015
8 0 7 15 1986
8 0 7 15 1654
8 0 0 1 4264
8 0 7 15 2270
8 0 6 13 2539
8 0 4 8 3390
8 0 5 11 2255
8 0 4 8 4105
8 0 4 8 3152
8 0 2 5 1942
8 0 2 5 1630
9 0 3 7 2920
9 0 5 11 3171
9 0 2 5 2684
9 0 6 13 2640
9 0 2 5 2430
9 0 4 9 4110
9 0 6 12 2281
9 0 3 7 1965
9 0 7 15 1871
9 0 4 9 4579
9 0 7 15 2940
9 0 3 7 1942
9 0 2 5 1552
9 0 0 0 2890
9 0 4 9 4494
9 0 1 3 3131
9 0 1 3 6029
9 0 0 1 3316
9 0 1 3 5359
9 0 2 5 2905
9 0 1 3 4108
9 0 4 8 8464
9 0 0 0 3489
9 0 3 7 3350
9 0 5 11 3415
9 0 7 15 2783
9 0 3 7 2407
9 0 4 9 3918
9 0 3 7 2481
9 0 0 1 4310
9 0 1 3 2882
9 0 0 1 4286
9 0 6 13 1851
9 0 3 7 2528
9 0 1 3 4195
9 0 2 5 2563
9 0 6 13 2140
9 0 0 1 3743
9 0 4 8 5057
9 0 2 5 2287
9 0 7 15 3443
9 0 5 11 2417
9 0 6 12 4777
9 0 0 1 2105
9 0 1 3 5501
9 0 5 11 2505
9 0 4 8 5701
9 0 2 5 2792
9 0 3 7 3769
9 0 4 9 4281
9 0 4 9 3302
9 0 6 13 4321
9 0 1 3 2621
9 0 7 15 3716
9 0 6 12 2999
9 0 2 5 2734
9 0 4 8 3321
9 0 3 7 2499
9 0 5 11 5263
9 0 5 10 3612
9 0 6 13 2220
9 0 7 15 2403
9 0 3 7 3762
9 0 7 15 2004
9 0 6 13 4604
9 0 2 5 2603
9 0 5 11 2787
9 0 5 11 3699
9 0 5 11 2383
9 0 1 3 3391
9 0 0 1 5688
9 0 7 15 4532
9 0 6 13 2399
9 0 2 5 3286
9 0 5 11 3195
9 0 1 3 2859
9 0 7 15 2096
9 0 0 1 2349
9 0 0 0 4374
9 0 7 15 2447
10 0 5 11 1967
10 0 0 0 3322
10 0 4 8 2999
10 0 7 15 2058
10 0 0 1 1908
10 0 6 12 2567
10 0 4 9 3638
10 0 5 10 2390
10 0 2 4 2220
10 0 2 5 3062
10 0 5 11 2835
10 0 5 11 3059
10 0 7 15 1221
10 0 3 7 2424
10 0 2 5 2048
10 0 2 4 2526
10 0 0 1 1537
10 0 1 2 3906
10 0 4 8 2219
10 0 1 3 2499
10 0 3 7 2228
10 0 4 8 3227
10 0 6 13 1379
10 0 3 7 3759
10 0 1 3 2394
10 0 6 12 2615
10 0 1 3 2245
10 0 4 9 3101
10 0 2 4 2996
10 0 1 3 3351
10 0 0 0 2620
10 0 5 11 2905
10 0 1 3 1734
10 0 0 0 3154
10 0 5 11 2266
10 0 4 8 2417
10 0 4 8 2576
10 0 7 15 2379
10 0 6 12 2085
10 0 2 4 3388
10 0 2 4 2624
10 0 0 0 4081
10 0 6 13 1555
10 0 1 3 2938
10 0 5 11 2532
10 0 0 0 2040
10 0 0 0 2768
10 0 3 6 3011
10 0 7 15 2383
10 0 3 7 2777
10 0 4 8 3459
10 0 2 4 2284
10 0 5 11 2108
10 0 2 5 1893
10 0 6 13 1757
10 0 3 7 2440
10 0 6 12 1784
10 0 0 0 4043
10 0 0 1 2786
10 0 1 3 4435
10 0 7 15 1794
10 0 7 15 1615
10 0 6 12 1652
10 0 4 8 3481
10 0 7 15 2072
10 0 7 15 1922
10 0 7 15 2314
10 0 4 8 3056
10 0 6 12 2612
10 0 3 7 2615
10 0 3 7 1464
10 0 5 11 3025
10 0 3 6 2878
10 0 3 7 3912
10 0 5 11 2584
10 0 2 4 2482
10 0 7 14 2603
10 0 1 3 2843
10 0 6 13 4051
10 0 1 3 2668
11 0 3 7 2939
11 0 5 11 5015
11 0 4 8 4769
11 0 7 15 2370
11 0 5 11 4639
11 0 5 10 7229
11 0 4 9 3187
11 0 3 7 3805
11 0 5 11 4680
11 0 5 11 2797
11 0 1 3 5338
11 0 3 6 3675
11 0 4 8 3179
11 0 7 15 2557
11 0 0 0 4939
11 0 6 12 2677
11 0 6 12 6790
11 0 6 13 3244
11 0 2 5 2573
11 0 4 9 4003
11 0 4 8 8044
11 0 1 3 3002
11 0 7 14 2541
11 0 6 13 2626
11 0 2 4 1764
11 0 0 0 1666
11 0 3 7 1882
11 0 3 7 2514
11 0 3 7 1849
11 0 7 15 1809
11 0 6 13 2516
11 0 6 13 2421
11 0 7 15 2157
11 0 4 8 3178
11 0 1 3 1119
11 0 6 12 2669
11 0 6 13 1621
11 0 5 11 2025
11 0 5 11 2027
11 0 5 11 1821
11 0 1 3 2601
11 0 7 15 1667
11 0 2 4 3195
11 0 5 10 3408
11 0 2 5 3296
11 0 7 14 2688
11 0 4 9 2592
11 0 4 9 2698
11 0 0 1 3249
11 0 6 12 3194
11 0 1 3 2788
11 0 0 1 3992
11 0 3 7 2258
11 0 7 15 2395
11 0 4 9 3360
11 0 0 0 3538
11 0 7 15 2496
11 0 1 2 4318
11 0 3 6 5083
11 0 2 5 3855
11 0 0 0 3839
11 0 2 5 1566
11 0 5 11 5605
11 0 2 5 3195
11 0 2 5 3775
11 0 0 1 4985
11 0 1 2 3483
11 0 7 15 1648
11 0 0 0 3738
11 0 1 3 2263
11 0 1 3 3247
11 0 4 9 3747
11 0 3 7 3789
11 0 0 0 4744
11 0 6 13 3298
11 0 2 4 4922
11 0 0 0 4101
11 0 3 7 4570
11 0 2 5 4308
11 0 1 3 5922
12 0 7 15 1711
12 0 6 13 1899
12 0 5 11 1479
12 0 5 11 2057
12 0 1 3 2145
12 0 3 6 1911
12 0 6 13 1924
12 0 0 0 2010
12 0 4 8 2108
12 0 5 10 1868
12 0 6 12 1720
12 0 7 15 2102
12 0 0 0 1252
12 0 2 4 1212
12 0 7 15 1476
12 0 6 13 853
12 0 5 11 3973
12 0 0 1 987
12 0 2 4 1764
12 0 4 8 2408
12 0 7 14 1283
12 0 6 13 2113
12 0 3 7 675
12 0 7 15 1791
12 0 4 8 2976
12 0 2 4 3386
12 0 2 4 1142
12 0 1 2 904
12 0 6 12 1346
12 0 0 1 1943
12 0 3 6 1431
12 0 5 10 1395
12 0 6 13 2616
12 0 1 2 1550
12 0 1 2 1033
12 0 0 0 976
12 0 2 4 1165
12 0 4 9 2943
12 0 1 2 1743
12 0 2 4 1965
12 0 3 6 1483
12 0 5 11 4529
12 0 7 14 1250
12 0 1 2 2178
12 0 3 6 2254
12 0 4 8 2357
12 0 5 11 3646
12 0 1 2 1460
12 0 6 12 1318
12 0 7 14 1264
12 0 2 4 632
12 0 2 4 1643
12 0 7 15 1615
12 0 2 4 1723
12 0 1 2 1501
12 0 0 0 1169
12 0 2 4 1577
12 0 7 14 792
12 0 3 7 2120
12 0 5 11 2185
12 0 5 11 1557
12 0 3 6 1477
12 0 3 7 2228
12 0 4 9 1692
12 0 6 13 1301
12 0 7 15 1582
12 0 4 9 1531
12 0 0 0 1107
12 0 4 8 1113
12 0 4 8 1685
12 0 6 12 1659
12 0 1 2 1612
12 0 3 7 2847
12 0 5 10 1672
12 0 0 0 1218
12 0 3 6 1205
12 0 4 8 1300
12 0 0 0 4003
13 0 2 4 2864
13 0 0 1 2342
13 0 1 2 2915
13 0 5 11 2881
13 0 7 15 1239
13 0 0 0 3545
13 0 6 13 1740
13 0 4 8 2929
13 0 7 15 3918
13 0 4 8 2313
13 0 6 13 4000
13 0 5 11 1960
13 0 1 2 3197
13 0 3 6 4358
13 0 0 0 2888
13 0 2 4 1598
13 0 4 8 4450
13 0 0 0 2359
13 0 3 6 4620
13 0 5 11 2267
13 0 5 11 3234
13 0 7 15 2523
13 0 0 0 2384
13 0 3 7 3091
13 0 6 13 4513
13 0 1 3 3204
13 0 1 3 1726
13 0 2 4 2540
13 0 1 3 3001
13 0 2 4 4195
13 0 3 7 1707
13 0 1 3 1947
13 0 6 12 1984
13 0 0 0 2132
13 0 6 13 2041
13 0 3 7 1619
13 0 4 8 2773
13 0 2 4 2384
13 0 7 15 1595
13 0 2 4 3559
13 0 7 15 1578
13 0 0 1 2423
13 0 6 12 2640
13 0 6 12 2657
13 0 5 11 1665
13 0 6 13 2521
13 0 2 4 2879
13 0 1 3 3853
13 0 3 7 1795
13 0 1 2 2016
13 0 7 15 1770
13 0 6 12 3254
13 0 0 0 2517
13 0 5 11 2043
13 0 5 11 4972
13 0 4 8 2661
13 0 5 11 3524
13 0 5 11 2306
13 0 3 7 3937
13 0 6 12 2364
13 0 7 14 2640
13 0 7 15 3457
13 0 2 4 2047
13 0 1 3 1649
13 0 5 11 2266
13 0 7 15 3898
13 0 4 8 4358
13 0 3 7 2152
13 0 0 0 2149
13 0 4 8 2410
13 0 0 1 2284
13 0 7 15 2451
13 0 4 8 5547
13 0 4 8 3387
13 0 3 7 2959
13 0 2 4 2691
13 0 1 2 1834
13 0 2 4 1963
13 0 3 7 2888
14 0 6 12 4044
14 0 4 8 5393
14 0 0 0 3231
14 0 3 7 3300
14 0 4 8 4541
14 0 6 13 3056
14 0 7 15 3262
14 0 5 11 5491
14 0 4 8 4058
14 0 6 13 3019
14 0 3 7 2614
14 0 6 13 2843
14 0 4 8 4061
14 0 3 6 4432
14 0 4 8 4030
14 0 2 5 3200
14 0 6 13 2481
14 0 3 7 2465
14 0 0 1 4571
14 0 5 10 4091
14 0 0 0 2578
14 0 7 15 2749
14 0 2 4 3229
14 0 7 15 2960
14 0 5 11 2997
14 0 7 15 3761
14 0 5 11 2007
14 0 1 2 2908
14 0 3 7 3795
14 0 1 2 3716
14 0 2 5 3413
14 0 4 8 3318
14 0 5 10 4977
14 0 1 2 3995
14 0 1 2 4406
14 0 7 15 2195
14 0 3 7 2536
14 0 3 6 3116
14 0 0 0 3420
14 0 1 2 3305
14 0 0 0 2969
14 0 2 5 3619
14 0 6 13 3425
14 0 5 10 4239
14 0 2 5 4746
14 0 6 13 3737
14 0 1 2 2510
14 0 1 3 3349
14 0 0 1 2765
14 0 2 5 3849
14 0 4 9 5057
14 0 5 11 3157
14 0 7 15 1683
14 0 0 0 3178
14 0 1 3 3033
14 0 4 8 2835
14 0 3 7 3346
14 0 2 5 2524
14 0 2 5 2461
14 0 6 13 1988
14 0 6 13 5751
14 0 2 4 3490
14 0 1 3 3468
14 0 1 2 2208
14 0 2 5 2761
14 0 4 8 3303
14 0 0 0 2664
14 0 7 15 2294
14 0 4 8 3230
14 0 3 6 3135
14 0 3 7 2463
14 0 5 11 2756
14 0 7 14 3097
14 0 0 0 3573
14 0 0 0 4155
14 0 7 15 3605
14 0 6 12 4906
14 0 5 11 3188
14 0 7 15 3367
15 0 1 2 2633
15 0 0 0 3731
15 0 0 0 4865
15 0 2 5 4361
15 0 7 15 2429
15 0 1 2 2776
15 0 3 7 2708
15 0 2 5 2420
15 0 5 11 3534
15 0 4 8 7813
15 0 3 7 3547
15 0 3 7 2873
15 0 1 2 3441
15 0 5 10 3859
15 0 2 5 3659
15 0 5 11 5204
15 0 5 11 3973
15 0 6 12 2698
15 0 7 15 2193
15 0 7 15 4310
15 0 3 7 2708
15 0 0 0 2395
15 0 0 0 4299
15 0 1 2 3714
15 0 1 3 7928
15 0 2 5 4419
15 0 0 0 6924
15 0 5 10 4255
15 0 6 13 3967
15 0 6 13 4330
15 0 0 1 4776
15 0 2 5 6931
15 0 1 2 6462
15 0 3 7 4092
15 0 1 2 2451
15 0 4 9 4013
15 0 4 8 5391
15 0 7 15 2737
15 0 4 8 3624
15 0 7 15 2377
15 0 5 11 5310
15 0 7 14 2907
15 0 7 15 2715
15 0 1 2 3178
15 0 1 3 3710
15 0 4 8 3333
15 0 6 13 3154
15 0 6 13 6024
15 0 0 0 2950
15 0 2 4 1588
15 0 3 6 3177
15 0 2 5 2461
15 0 3 7 3087
15 0 2 4 8415
15 0 6 12 6505
15 0 5 11 2574
15 0 4 9 5530
15 0 7 15 2567
15 0 5 11 4659
15 0 7 15 6099
15 0 4 8 3913
15 0 0 0 11535
15 0 4 8 3874
15 0 6 12 3755
15 0 6 13 2918
15 0 2 4 4837
15 0 7 15 6085
15 0 3 7 5578
15 0 6 12 3692
15 0 3 6 3164
15 0 0 0 3472
15 0 0 0 6161
15 0 2 5 3211
15 0 5 10 7398
15 0 6 12 5878
15 0 5 11 5205
15 0 4 8 4830
15 0 4 8 5559
16 0 7 15 3169
16 0 1 2 5029
16 0 4 8 4659
16 0 7 15 3174
16 0 4 8 5548
16 0 5 11 4241
16 0 7 14 5219
16 0 3 7 3479
16 0 6 13 3272
16 0 4 8 3623
16 0 2 5 4031
16 0 3 7 3305
16 0 3 7 3575
16 0 4 9 4206
16 0 7 15 4921
16 0 1 3 3418
16 0 2 5 3824
16 0 0 0 4578
16 0 1 3 3363
16 0 4 8 4052
16 0 2 5 4013
16 0 6 12 3553
16 0 6 13 4746
16 0 6 12 5129
16 0 7 15 2455
16 0 7 15 2172
16 0 4 8 3297
16 0 6 13 3006
16 0 3 7 2985
16 0 1 2 3621
16 0 0 0 3498
16 0 3 7 3084
16 0 3 7 3448
16 0 4 9 4040
16 0 2 5 3811
16 0 5 10 2675
16 0 0 1 3503
16 0 0 1 4356
16 0 2 5 3625
16 0 6 12 3407
16 0 4 9 3172
16 0 5 11 3437
16 0 5 10 3046
16 0 5 11 3912
16 0 7 15 2428
16 0 5 11 3458
16 0 6 13 3486
16 0 1 2 2810
16 0 0 0 3723
16 0 0 0 4266
16 0 7 15 2946
16 0 5 11 3258
16 0 3 6 3595
16 0 6 13 3692
16 0 1 3 3722
16 0 5 11 3576
16 0 5 11 2598
16 0 1 3 3914
16 0 2 4 5178
16 0 0 0 6004
16 0 2 5 3932
16 0 1 3 3710
16 0 7 15 5738
16 0 4 8 4091
16 0 0 0 3063
16 0 6 13 3599
16 0 0 1 2666
16 0 1 3 4557
16 0 6 13 4029
16 0 1 3 2552
16 0 2 5 2888
16 0 2 5 3373
16 0 5 11 3392
16 0 7 15 2142
16 0 0 1 3598
16 0 3 6 4272
16 0 2 4 3906
16 0 3 6 4468
16 0 3 7 3321
17 0 6 13 3015
17 0 5 10 3368
17 0 6 13 3056
17 0 1 3 2656
17 0 5 11 3500
17 0 2 5 5291
17 0 5 11 2124
17 0 4 8 3781
17 0 1 3 4430
17 0 3 7 3708
17 0 1 3 4359
17 0 1 3 5502
17 0 7 15 1695
17 0 2 4 4132
17 0 7 15 2662
17 0 6 13 3632
17 0 1 3 4070
17 0 3 7 2028
17 0 2 4 4037
17 0 7 15 1512
17 0 4 9 3522
17 0 3 7 1452
17 0 2 4 3576
17 0 3 6 2079
17 0 0 1 2553
17 0 7 15 1452
17 0 7 15 1480
17 0 7 15 2008
17 0 6 12 2612
17 0 5 11 5911
17 0 2 5 1721
17 0 6 12 6372
17 0 1 3 2918
17 0 5 11 2885
17 0 0 1 3277
17 0 7 15 1519
17 0 1 3 3591
17 0 3 6 3079
17 0 0 1 2537
17 0 6 13 1919
17 0 6 13 4325
17 0 6 13 1938
17 0 0 1 5968
17 0 3 7 1634
17 0 3 7 2291
17 0 7 15 2363
17 0 0 0 4209
17 0 4 8 4845
17 0 4 8 3908
17 0 6 12 4767
17 0 1 2 4461
17 0 0 0 4707
17 0 4 8 2858
17 0 4 8 7547
17 0 4 8 3034
17 0 2 5 4604
17 0 3 7 1761
17 0 6 12 5849
17 0 1 3 2443
17 0 0 0 4223
17 0 5 11 2951
17 0 3 6 6136
17 0 0 1 6854
17 0 5 10 5445
17 0 4 8 4845
17 0 4 8 3676
17 0 2 5 2488
17 0 5 11 4794
17 0 2 4 4894
17 0 1 2 3157
17 0 7 15 2579
17 0 7 15 1850
17 0 0 0 4776
17 0 5 11 3033
17 0 2 4 2510
17 0 5 11 2222
17 0 3 7 2000
17 0 0 1 3338
17 0 2 4 3639
17 0 4 9 5046
18 0 1 2 2446
18 0 3 6 1893
18 0 7 15 1378
18 0 4 9 1883
18 0 7 15 1825
18 0 2 4 2089
18 0 2 4 1575
18 0 2 4 1680
18 0 3 7 1438
18 0 1 3 1733
18 0 1 3 1881
18 0 0 0 4094
18 0 5 11 1747
18 0 0 0 2197
18 0 4 8 2152
18 0 4 8 2531
18 0 7 15 1247
18 0 3 7 1565
18 0 7 15 1183
18 0 3 6 1496
18 0 2 5 2372
18 0 4 8 2647
18 0 6 13 1822
18 0 5 11 2174
18 0 3 6 1567
18 0 2 5 1482
18 0 3 7 1694
18 0 7 15 1092
18 0 5 11 1361
18 0 0 0 1259
18 0 4 8 2097
18 0 2 5 1550
18 0 2 4 2296
18 0 6 13 1124
18 0 6 12 1337
18 0 7 15 1403
18 0 5 10 1155
18 0 5 10 2358
18 0 6 12 2079
18 0 6 13 2284
18 0 6 13 2650
18 0 0 0 1544
18 0 1 2 2954
18 0 3 6 1903
18 0 2 4 2763
18 0 5 11 1535
18 0 0 1 1729
18 0 4 8 2004
18 0 2 4 3700
18 0 1 3 1650
18 0 5 11 2632
18 0 1 3 1240
18 0 0 0 1895
18 0 5 11 1100
18 0 4 8 1752
18 0 4 9 3659
18 0 0 1 3433
18 0 3 7 1481
18 0 2 4 1359
18 0 6 12 1249
18 0 1 2 1372
18 0 3 7 1710
18 0 3 7 2042
18 0 1 2 1090
18 0 7 15 2207
18 0 4 9 2087
18 0 7 14 1861
18 0 7 15 1899
18 0 6 12 1568
18 0 4 9 1482
18 0 1 3 1327
18 0 5 10 1643
18 0 6 13 1346
18 0 0 1 2932
18 0 1 2 1016
18 0 0 1 1161
18 0 6 12 2106
19 0 4 8 4520
19 0 5 11 3472
19 0 0 0 3556
19 0 7 14 4038
19 0 4 8 3869
19 0 7 14 5035
19 0 4 9 4641
19 0 7 14 1453
19 0 2 4 4386
19 0 1 3 3293
19 0 4 9 5026
19 0 6 12 5732
19 0 6 12 3851
19 0 2 5 2976
19 0 7 14 4667
19 0 3 7 7196
19 0 6 12 3939
19 0 5 10 4007
19 0 6 12 5295
19 0 0 1 5554
19 0 6 13 4320
19 0 1 3 4656
19 0 0 1 4919
19 0 2 4 3675
19 0 6 13 6076
19 0 3 7 6715
19 0 1 2 5555
19 0 1 3 6745
19 0 4 9 3909
19 0 4 9 4464
19 0 0 1 4831
19 0 2 5 5569
19 0 3 6 3235
19 0 3 7 3524
19 0 5 10 5687
19 0 0 0 8369
19 0 4 8 6448
19 0 3 6 4088
19 0 1 3 6376
19 0 7 15 4032
19 0 3 7 5481
19 0 0 1 5488
19 0 0 0 6293
19 0 2 5 5831
19 0 2 4 3513
19 0 1 2 5158
19 0 7 14 4521
19 0 7 15 4462
19 0 5 11 5017
19 0 5 10 4520
19 0 6 12 4050
19 0 0 0 6082
19 0 6 12 3556
19 0 4 9 5500
19 0 5 11 5044
19 0 2 4 3052
19 0 2 4 4203
19 0 5 11 5338
19 0 1 2 6413
19 0 3 6 4529
19 0 4 9 6019
19 0 2 4 4246
19 0 5 11 4623
19 0 4 8 4568
19 0 6 13 5838
19 0 5 11 4453
19 0 6 12 4762
19 0 0 0 3763
19 0 7 14 4364
19 0 3 6 3826
19 0 3 6 4104
19 0 7 15 3721
19 0 1 2 4838
19 0 3 7 4225
19 0 7 14 6159
19 0 1 2 4853
19 0 5 11 4173
19 0 0 0 9631
19 0 2 4 4304
19 0 1 2 3635
20 0 7 15 2096
20 0 3 7 1588
20 0 0 1 1803
20 0 3 7 979
20 0 5 11 1708
20 0 6 12 1647
20 0 7 15 1605
20 0 7 15 908
20 0 2 5 1638
20 0 7 15 1580
20 0 6 13 2468
20 0 2 5 1561
20 0 6 13 1201
20 0 5 11 1880
20 0 0 0 1972
20 0 2 4 1845
20 0 5 11 2842
20 0 0 0 2080
20 0 2 5 2580
20 0 1 2 2068
20 0 1 2 1985
20 0 5 10 2145
20 0 4 8 1771
20 0 1 3 2995
20 0 5 11 1395
20 0 1 2 2146
20 0 4 9 1988
20 0 3 7 1780
20 0 0 0 2164
20 0 6 12 1565
20 0 3 7 1845
20 0 4 8 3794
20 0 3 7 2041
20 0 4 8 2030
20 0 6 12 2316
20 0 0 0 2980
20 0 4 9 3963
20 0 3 7 1963
20 0 6 12 2020
20 0 6 13 1627
20 0 7 15 1769
20 0 7 15 1002
20 0 3 6 2064
20 0 4 8 3077
20 0 4 8 961
20 0 2 5 2387
20 0 4 8 2170
20 0 7 15 2171
20 0 5 11 1413
20 0 1 3 827
20 0 5 10 2105
20 0 7 15 2373
20 0 1 3 2885
20 0 1 2 1731
20 0 4 8 3102
20 0 2 4 1240
20 0 3 7 1855
20 0 0 0 2373
20 0 6 13 1636
20 0 3 7 1044
20 0 5 11 1410
20 0 2 4 2329
20 0 5 11 2347
20 0 1 2 2172
20 0 2 4 1045
20 0 1 3 2387
20 0 7 15 1994
20 0 7 15 1626
20 0 2 4 2129
20 0 6 12 1539
20 0 0 0 1013
20 0 0 0 756
20 0 0 0 725
21 0 6 13 2550
21 0 5 11 4023
21 0 2 5 3525
21 0 0 0 2959
21 0 5 11 3601
21 0 3 6 5104
21 0 0 0 4772
21 0 3 7 2588
21 0 5 11 7348
21 0 4 9 5581
21 0 6 13 2620
21 0 6 13 2403
21 0 4 9 2843
21 0 4 8 3040
21 0 2 4 3294
21 0 1 2 3866
21 0 2 4 1958
21 0 6 12 3991
21 0 7 15 5543
21 0 4 8 4713
21 0 7 15 4507
21 0 6 13 1894
21 0 7 15 1858
21 0 3 6 2271
21 0 7 15 6396
21 0 1 2 4235
21 0 1 3 5265
21 0 2 4 5509
21 0 3 6 2640
21 0 7 15 4685
21 0 4 8 4322
21 0 6 13 3636
21 0 2 4 3339
21 0 6 13 3861
21 0 0 0 4057
21 0 5 10 1678
21 0 5 10 3954
21 0 0 1 3332
21 0 0 0 3526
21 0 0 1 3751
21 0 0 0 4544
21 0 3 7 2098
21 0 4 8 6253
21 0 4 8 5802
21 0 3 6 3153
21 0 1 3 1635
21 0 2 5 4185
21 0 1 3 5873
21 0 6 12 3741
21 0 3 7 4967
21 0 2 5 4184
21 0 4 8 3752
21 0 4 8 5809
21 0 5 11 4368
21 0 3 7 3816
21 0 0 0 3991
21 0 3 7 1751
21 0 2 5 2920
21 0 1 3 2531
21 0 4 9 2733
21 0 5 11 5399
21 0 1 2 4750
21 0 7 15 5191
21 0 3 6 2935
21 0 7 15 5105
21 0 6 13 6709
21 0 7 15 5159
21 0 1 2 2096
21 0 0 1 2251
21 0 6 12 2688
21 0 1 2 1588
21 0 2 4 3884
21 0 0 0 2360
21 0 5 11 3266
21 0 5 10 3847
21 0 7 14 2579
21 0 7 15 1603
21 0 2 5 1555
22 0 2 4 3890
22 0 0 1 2480
22 0 6 13 2917
22 0 0 0 3861
22 0 1 3 5443
22 0 6 13 5063
22 0 2 4 4124
22 0 2 5 3392
22 0 5 11 3417
22 0 3 7 1963
22 0 6 13 5405
22 0 1 2 3343
22 0 5 11 4901
22 0 1 3 4376
22 0 7 15 2494
22 0 3 7 4246
22 0 7 15 1725
22 0 5 11 3306
22 0 3 6 6058
22 0 5 11 2439
22 0 4 9 5372
22 0 5 11 2974
22 0 7 15 3296
22 0 6 12 6267
22 0 7 15 4315
22 0 0 0 4386
22 0 3 7 3855
22 0 6 13 6603
22 0 4 9 4325
22 0 5 11 5340
22 0 7 15 1444
22 0 2 5 9396
22 0 1 3 6076
22 0 4 9 4258
22 0 7 15 2086
22 0 7 15 1378
22 0 1 3 3216
22 0 7 15 2053
22 0 3 7 7228
22 0 3 7 2960
22 0 6 12 5877
22 0 0 0 6126
22 0 4 9 5177
22 0 1 3 5499
22 0 4 9 2847
22 0 5 11 4781
22 0 0 1 7606
22 0 0 1 5326
22 0 7 15 2970
22 0 1 3 3213
22 0 4 8 6550
22 0 0 0 7993
22 0 4 9 4182
22 0 5 11 6156
22 0 0 0 5736
22 0 2 4 3078
22 0 2 5 4363
22 0 3 6 4855
22 0 5 11 2973
22 0 4 8 3849
22 0 6 13 4846
22 0 3 7 3078
22 0 3 7 3967
22 0 0 1 7824
22 0 4 8 5354
22 0 2 5 6590
22 0 4 8 4845
22 0 2 5 1831
22 0 0 1 4180
22 0 6 12 3205
22 0 3 6 3820
22 0 1 3 9426
22 0 2 4 3545
22 0 6 12 2859
22 0 6 13 4307
22 0 2 4 4875
22 0 1 2 7335
22 0 7 14 7648
22 0 5 11 2907
22 0 1 3 3259
23 0 4 8 5848
23 0 6 13 2089
23 0 7 15 2183
23 0 0 0 3395
23 0 2 5 3216
23 0 6 13 2517
23 0 0 0 7223
23 0 6 12 3904
23 0 6 12 5740
23 0 0 0 5159
23 0 2 4 4962
23 0 6 12 3680
23 0 0 1 5138
23 0 1 2 4440
23 0 2 4 3008
23 0 2 4 2557
23 0 3 6 2667
23 0 3 7 3441
23 0 7 15 1432
23 0 3 6 2897
23 0 7 15 3533
23 0 3 7 3829
23 0 4 8 3730
23 0 0 0 3779
23 0 5 11 6420
23 0 1 2 2655
23 0 7 15 2197
23 0 6 13 2595
23 0 4 8 5077
23 0 7 14 3555
23 0 7 15 3522
23 0 5 11 7476
23 0 0 0 4516
23 0 6 12 4265
23 0 7 15 2014
23 0 5 11 3410
23 0 1 3 3855
23 0 3 6 4396
23 0 5 11 3167
23 0 2 5 3895
23 0 5 10 4841
23 0 5 11 3411
23 0 0 0 4512
23 0 5 11 4605
23 0 6 12 6552
23 0 0 1 3529
23 0 1 3 6247
23 0 2 5 2838
23 0 4 8 4241
23 0 1 2 3757
23 0 1 3 2134
23 0 2 4 3147
23 0 2 5 6984
23 0 0 0 3526
23 0 4 9 3714
23 0 4 8 3170
23 0 3 6 3490
23 0 3 6 3352
23 0 3 6 2395
23 0 4 8 3093
23 0 5 10 3449
23 0 5 10 4189
23 0 5 11 3256
23 0 6 12 3101
23 0 0 0 3832
23 0 3 7 3203
23 0 7 15 1927
23 0 6 12 5829
23 0 4 8 5149
23 0 1 2 2451
23 0 2 5 2021
23 0 1 2 4025
23 0 3 6 2602
23 0 4 8 3084
23 0 4 8 2643
23 0 2 4 3435
23 0 1 2 7738
23 0 7 15 3700
23 0 7 15 2424
23 0 1 2 3308
24 0 3 7 3437
24 0 6 12 3526
24 0 4 9 3091
24 0 3 6 3954
24 0 0 0 5781
24 0 4 9 3670
24 0 3 6 3221
24 0 3 7 2967
24 0 5 11 4386
24 0 4 8 4267
24 0 2 4 3034
24 0 2 4 2579
24 0 0 1 4560
24 0 1 2 3786
24 0 3 7 3605
24 0 0 0 4206
24 0 5 11 3319
24 0 2 4 4396
24 0 5 10 3198
24 0 5 11 4497
24 0 1 2 5367
24 0 0 0 3208
24 0 5 11 4083
24 0 6 12 4841
24 0 1 2 4728
24 0 2 5 3428
24 0 7 14 5534
24 0 3 6 2969
24 0 2 4 2940
24 0 2 4 3098
24 0 0 1 3296
24 0 4 8 3727
24 0 3 7 4428
24 0 2 4 3100
24 0 7 14 4658
24 0 0 0 4329
24 0 4 8 4365
24 0 6 12 2937
24 0 6 12 5238
24 0 7 14 2853
24 0 0 0 3397
24 0 7 15 2984
24 0 1 2 3490
24 0 7 15 6017
24 0 0 1 3023
24 0 4 8 4049
24 0 5 11 5345
24 0 5 11 3572
24 0 6 13 2639
24 0 6 13 2920
24 0 1 2 5206
24 0 3 6 3430
24 0 4 8 4728
24 0 1 3 5075
24 0 1 2 4001
24 0 7 15 4626
24 0 6 12 2019
24 0 5 11 3613
24 0 5 11 5791
24 0 3 7 6167
24 0 1 2 5513
24 0 2 5 4108
24 0 7 15 2546
24 0 7 15 2799
24 0 7 15 2658
24 0 3 6 3611
24 0 6 12 3932
24 0 2 5 2993
24 0 4 8 3844
24 0 6 12 5181
24 0 7 14 4502
24 0 2 4 2523
24 0 1 2 3625
24 0 6 12 3770
24 0 1 2 3565
24 0 4 8 5465
24 0 0 0 3678
24 0 4 8 5014
24 0 5 11 6614
24 0 0 0 3277
25 0 4 9 2838
25 0 6 13 1269
25 0 7 15 1409
25 0 3 6 3099
25 0 1 3 1953
25 0 2 5 1283
25 0 4 8 1982
25 0 7 15 1717
25 0 1 3 2717
25 0 7 15 1375
25 0 6 13 2225
25 0 0 0 2414
25 0 3 7 949
25 0 4 9 3858
25 0 7 15 1085
25 0 6 13 1578
25 0 5 11 2463
25 0 5 10 2744
25 0 2 4 1306
25 0 7 15 1332
25 0 1 2 2013
25 0 3 7 1200
25 0 6 13 951
25 0 2 4 2329
25 0 4 8 4151
25 0 1 2 2031
25 0 7 15 2169
25 0 5 11 4361
25 0 4 8 2963
25 0 3 7 2293
25 0 0 0 2274
25 0 3 7 943
25 0 6 12 3116
25 0 2 5 1888
25 0 6 13 2677
25 0 2 4 1587
25 0 4 8 1971
25 0 5 10 2832
25 0 6 12 1904
25 0 5 11 3784
25 0 2 4 2484
25 0 1 2 1734
25 0 4 8 2687
25 0 2 4 1409
25 0 7 15 2318
25 0 1 2 3079
25 0 0 0 1370
25 0 5 11 3815
25 0 0 1 1700
25 0 4 8 3390
25 0 1 3 4505
25 0 0 0 1488
25 0 0 0 2503
25 0 7 15 2065
25 0 0 0 3325
25 0 0 0 2554
25 0 6 12 3800
25 0 4 8 1577
25 0 1 2 1868
25 0 5 11 3579
25 0 0 0 3448
25 0 1 3 1825
25 0 3 7 1850
25 0 5 10 2639
25 0 6 13 1817
25 0 6 12 2078
25 0 2 4 1650
25 0 2 4 1437
25 0 1 2 1471
25 0 3 7 1066
25 0 5 10 2921
25 0 3 6 2659
25 0 7 15 1181
25 0 3 7 1355
25 0 7 15 1343
25 0 2 5 1351
25 0 3 7 1187
25 0 4 8 2300
25 0 5 11 1764
26 0 2 4 2044
26 0 1 2 2665
26 0 0 0 2253
26 0 6 12 4384
26 0 0 0 3965
26 0 0 1 3699
26 0 4 8 1594
26 0 3 6 3277
26 0 5 11 3714
26 0 1 3 2017
26 0 0 0 2298
26 0 7 15 2497
26 0 4 8 2032
26 0 5 11 1636
26 0 0 0 1783
26 0 1 3 2363
26 0 1 2 2170
26 0 7 15 1761
26 0 6 12 2345
26 0 2 5 1595
26 0 4 8 1731
26 0 5 11 2202
26 0 3 7 1632
26 0 1 3 2604
26 0 5 11 1639
26 0 2 4 1630
26 0 6 13 1238
26 0 3 6 2039
26 0 2 4 1767
26 0 3 6 4143
26 0 4 8 2295
26 0 4 9 2947
26 0 6 13 2251
26 0 2 4 2350
26 0 4 8 1468
26 0 0 0 1760
26 0 5 11 2070
26 0 3 6 1843
26 0 7 15 1102
26 0 2 5 2114
26 0 3 7 2678
26 0 2 4 3572
26 0 3 7 1343
26 0 6 12 1899
26 0 7 15 1402
26 0 0 0 1590
26 0 1 3 2045
26 0 0 1 3141
26 0 5 11 1833
26 0 7 15 1256
26 0 1 2 1388
26 0 1 2 1801
26 0 5 11 2611
26 0 0 0 4035
26 0 2 4 1487
26 0 3 7 1812
26 0 7 15 1363
26 0 1 2 2346
26 0 3 7 2111
26 0 2 4 974
26 0 6 12 1323
26 0 5 10 2199
26 0 0 0 1501
26 0 2 5 1976
26 0 7 15 2574
26 0 7 15 1750
26 0 6 13 2632
26 0 5 10 2214
26 0 6 12 1300
26 0 1 3 1579
26 0 5 11 2570
26 0 6 12 2163
26 0 3 7 1522
26 0 4 8 1360
26 0 7 15 1590
26 0 4 8 2946
26 0 6 12 1841
26 0 4 8 3029
26 0 4 9 2359
26 0 7 15 1570
27 0 6 13 2662
27 0 3 6 4560
27 0 7 15 3326
27 0 0 0 3212
27 0 1 3 2028
27 0 7 15 2932
27 0 0 0 4443
27 0 0 1 3261
27 0 0 1 6381
27 0 1 2 2519
27 0 6 12 1385
27 0 4 9 625
27 0 0 0 2841
27 0 2 5 3259
27 0 4 8 1184
27 0 3 7 609
27 0 2 5 1606
27 0 7 14 1146
27 0 5 11 1473
27 0 0 0 959
27 0 2 5 560
27 0 5 11 2910
27 0 2 5 605
27 0 7 15 1590
27 0 1 3 1441
27 0 4 8 672
27 0 4 9 680
27 0 3 6 732
27 0 6 13 1461
27 0 4 8 865
27 0 6 13 509
27 0 3 7 674
27 0 7 14 568
27 0 7 14 964
27 0 2 4 532
27 0 0 1 6650
27 0 7 15 2925
27 0 5 10 1150
27 0 3 7 1042
27 0 6 12 793
27 0 3 7 991
27 0 5 11 656
27 0 1 2 594
27 0 5 11 739
27 0 1 3 2155
27 0 4 8 740
27 0 3 7 2023
27 0 7 15 1515
27 0 4 9 1324
27 0 0 1 1408
27 0 0 1 862
27 0 1 3 1006
27 0 7 14 941
27 0 5 11 2649
27 0 2 5 1679
27 0 6 12 2744
27 0 2 5 1082
27 0 0 1 768
27 0 6 12 1558
27 0 5 11 1988
27 0 6 12 2012
27 0 5 11 4595
27 0 2 4 4755
27 0 2 5 3530
27 0 3 7 3667
27 0 6 13 2321
27 0 4 9 2364
27 0 1 3 4890
28 0 0 0 3817
28 0 4 9 3532
28 0 0 1 4529
28 0 0 1 4169
28 0 7 15 3751
28 0 2 5 3549
28 0 1 3 2937
28 0 0 0 3051
28 0 1 2 3204
28 0 4 8 4739
28 0 7 15 3007
28 0 7 15 4179
28 0 6 13 3715
28 0 7 15 4046
28 0 3 7 3450
28 0 3 7 4188
28 0 6 13 3552
28 0 4 9 4768
28 0 4 8 3424
28 0 6 12 4039
28 0 5 11 4585
28 0 3 7 4455
28 0 5 11 5991
28 0 2 5 3509
28 0 2 4 3978
28 0 7 15 3448
28 0 6 12 4733
28 0 2 4 4360
28 0 0 0 3698
28 0 1 2 3264
28 0 3 6 3577
28 0 3 6 4745
28 0 0 0 4950
28 0 1 2 3594
28 0 7 14 4729
28 0 0 1 4168
28 0 7 15 4487
28 0 1 3 5864
28 0 4 9 5797
28 0 4 8 3545
28 0 5 11 3324
28 0 5 10 3195
28 0 6 13 4199
28 0 5 11 3015
28 0 4 9 3828
28 0 1 2 3948
28 0 5 10 4733
28 0 5 11 5251
28 0 0 0 4049
28 0 2 4 3873
28 0 3 6 5725
28 0 5 11 4885
28 0 1 3 4987
28 0 3 7 4021
28 0 3 7 4410
28 0 6 13 2792
28 0 7 15 3382
28 0 4 9 3734
28 0 2 4 4345
28 0 6 12 4261
28 0 0 0 5230
28 0 2 4 3482
28 0 5 10 2718
28 0 4 9 4736
28 0 0 0 4659
28 0 7 15 3790
28 0 2 4 6758
28 0 6 12 6352
28 0 6 12 3565
28 0 7 15 3124
28 0 3 6 3819
28 0 3 6 5237
28 0 1 2 5442
28 0 1 2 4509
28 0 2 4 4603
28 0 5 11 4316
28 0 4 8 5124
28 0 2 5 3414
28 0 1 2 4997
28 0 6 12 4279
29 0 1 2 2883
29 0 4 9 2780
29 0 4 9 4360
29 0 0 0 2433
29 0 3 7 2404
29 0 1 2 2902
29 0 7 15 2269
29 0 4 9 2421
29 0 6 13 2502
29 0 1 3 2126
29 0 4 9 1786
29 0 0 1 2732
29 0 0 1 3268
29 0 2 5 2493
29 0 2 5 3829
29 0 6 13 1698
29 0 2 5 2503
29 0 2 5 1831
29 0 4 9 2055
29 0 6 12 2087
29 0 7 15 1741
29 0 6 13 2314
29 0 5 11 2591
29 0 0 1 2571
29 0 1 3 1911
29 0 1 3 2276
29 0 3 7 2582
29 0 6 13 2370
29 0 5 11 1653
29 0 2 5 1532
29 0 1 2 2385
29 0 3 7 2219
29 0 0 0 3413
29 0 5 11 2420
29 0 5 11 2030
29 0 2 5 2134
29 0 6 13 1579
29 0 2 5 1927
29 0 3 7 1940
29 0 1 3 1568
29 0 5 10 2065
29 0 7 15 1513
29 0 5 11 1397
29 0 3 7 1615
29 0 0 1 2447
29 0 3 7 2344
29 0 7 15 1869
29 0 7 15 1685
29 0 7 15 1323
29 0 1 3 1686
29 0 7 15 1244
29 0 2 5 1986
29 0 7 15 1222
29 0 3 7 2766
29 0 6 13 1852
29 0 4 9 2211
29 0 5 11 2326
29 0 7 15 1659
29 0 0 1 1401
29 0 0 1 2026
29 0 0 1 1716
29 0 3 7 3633
29 0 1 2 1877
29 0 2 5 1908
29 0 4 9 2762
29 0 6 13 1806
29 0 4 8 3544
29 0 4 9 2089
29 0 3 6 3576
29 0 1 3 1959
29 0 5 11 2243
29 0 4 8 2403
29 0 6 12 4247
29 0 5 11 2436
29 0 5 11 3388
29 0 3 7 2587
29 0 2 5 3031
29 0 6 12 2682
29 0 7 15 2107
29 0 0 1 2217
30 0 0 0 4122
30 0 7 15 3747
30 0 1 2 4731
30 0 4 8 4891
30 0 6 13 6922
30 0 3 7 4431
30 0 0 0 4315
30 0 3 7 4371
30 0 3 7 2529
30 0 4 8 3930
30 0 4 8 6147
30 0 3 7 5131
30 0 6 13 2877
30 0 1 3 4332
30 0 3 7 2813
30 0 3 7 3199
30 0 4 8 3299
30 0 2 4 3805
30 0 4 8 2795
30 0 0 1 7527
30 0 1 2 4209
30 0 6 13 2718
30 0 2 5 5910
30 0 0 0 3124
30 0 7 15 2919
30 0 7 15 4246
30 0 6 13 2985
30 0 7 15 3211
30 0 2 5 2612
30 0 7 15 2218
30 0 2 5 3516
30 0 4 8 3096
30 0 2 5 2823
30 0 5 11 3710
30 0 6 13 1994
30 0 1 2 3841
30 0 1 2 3676
30 0 7 15 1924
30 0 6 13 3006
30 0 7 15 5506
30 0 5 10 4104
30 0 0 0 4512
30 0 5 11 3402
30 0 0 0 3613
30 0 1 2 2895
30 0 0 1 4116
30 0 6 13 2417
30 0 7 14 6327
30 0 2 5 3425
30 0 0 0 4407
30 0 6 13 4527
30 0 5 11 4219
30 0 1 3 3227
30 0 1 2 6337
30 0 5 10 3703
30 0 4 8 5734
30 0 5 11 3407
30 0 7 15 3018
30 0 2 5 2573
30 0 3 7 2747
30 0 4 8 4532
30 0 5 11 6230
30 0 2 4 4930
30 0 5 11 2500
30 0 1 2 4710
30 0 2 4 2386
30 0 6 13 3738
30 0 7 14 6235
30 0 2 4 3528
30 0 4 8 2708
30 0 3 6 4728
30 0 6 12 3525
30 0 3 6 2204
30 0 0 0 3129
30 0 5 10 5031
30 0 0 1 4012
30 0 4 9 7525
30 0 3 6 3407
30 0 1 2 3214
30 0 5 10 4018
